["port 1","BOTTOM"]
["port 2","BOTTOM"]
["port 3","TOP"]
["port 4","TOP"]
("port 1","mode 1",1,"port 1",1,"transmission")
(23, 3)
1.8737028624999997e+14 3.7978081108320967e-03 -1.8838440373590823e+00
1.8799485387083331e+14 2.6982171261781484e-03 -1.4323994435077725e+00
1.8861942149166662e+14 1.8873326381132873e-03 -1.1245288362680361e+00
1.8924398911249997e+14 1.7354343017673569e-03 -9.4740835564477777e-01
1.8986855673333331e+14 2.0108767752584130e-03 -5.0743629379736455e-01
1.9049312435416662e+14 1.8530314686761595e-03 1.0529264564705910e-01
1.9111769197499997e+14 1.0482986915035231e-03 2.3824113103439110e-01
1.9174225959583331e+14 1.9528493601347089e-03 -2.9171465913331962e-01
1.9236682721666666e+14 3.6576276034001182e-03 2.8710309754228158e-01
1.9299139483749997e+14 4.1275276155164431e-03 1.0173676888583698e+00
1.9359660086208747e+14 3.0932840240585529e-03 1.5865912266042612e+00
1.9361596245833331e+14 3.0465021369922934e-03 1.5980346102696341e+00
1.9363532405457916e+14 3.0004408552852108e-03 1.6088145329019625e+00
1.9424053007916666e+14 2.1977626477958593e-03 1.5757699428990277e+00
1.9486509769999997e+14 3.1260937490092673e-03 1.8378516797966766e+00
1.9548966532083331e+14 3.4342573107048395e-03 2.7068779899587727e+00
1.9611423294166666e+14 2.7398328638363998e-03 3.8528625698216890e+00
1.9673880056250000e+14 1.7747267571738669e-03 5.0367189317274974e+00
1.9736336818333331e+14 9.6124251674213580e-04 5.1941151962626666e+00
1.9798793580416666e+14 2.5934272952337170e-03 5.1904443475318995e+00
1.9861250342500000e+14 4.3807856857123956e-03 5.9801893378052480e+00
1.9923707104583331e+14 4.3644081158513443e-03 6.7480942890017097e+00
1.9986163866666666e+14 2.7829810567811912e-03 7.0568759463535509e+00
("port 1","mode 1",1,"port 2",1,"transmission")
(23, 3)
1.8737028624999997e+14 9.2046211812916834e-01 -2.4430821702953240e+00
1.8799485387083331e+14 9.2363487626646257e-01 -1.2176242701398252e+00
1.8861942149166662e+14 9.2664937681852244e-01 7.4109715780755073e-03
1.8924398911249997e+14 9.2951626671415377e-01 1.2320386864789044e+00
1.8986855673333331e+14 9.3224696588042077e-01 2.4562663164269298e+00
1.9049312435416662e+14 9.3482696645165098e-01 3.6800683845111748e+00
1.9111769197499997e+14 9.3729775881575783e-01 4.9034397174727875e+00
1.9174225959583331e+14 9.3966622814211043e-01 6.1263783208325160e+00
1.9236682721666666e+14 9.4192673450485742e-01 7.3489128948965652e+00
1.9299139483749997e+14 9.4409072923805692e-01 8.5709421070147691e+00
1.9359660086208747e+14 9.4611117252296828e-01 9.7546428769961295e+00
1.9361596245833331e+14 9.4617289560782647e-01 9.7925018758819462e+00
1.9363532405457916e+14 9.4623914887893201e-01 9.8303674658824818e+00
1.9424053007916666e+14 9.4816994714009661e-01 1.1013601373883823e+01
1.9486509769999997e+14 9.5008122662408800e-01 1.2234214932774277e+01
1.9548966532083331e+14 9.5191122685612140e-01 1.3454327402035824e+01
1.9611423294166666e+14 9.5366629309886997e-01 1.4673958861842646e+01
1.9673880056250000e+14 9.5533095342102747e-01 1.5893085666539161e+01
1.9736336818333331e+14 9.5691585647613708e-01 1.7111716802927262e+01
1.9798793580416666e+14 9.5841621107439157e-01 1.8329858738229088e+01
1.9861250342500000e+14 9.5978599101128059e-01 1.9547488010082624e+01
1.9923707104583331e+14 9.6107388882350220e-01 2.0764583976728943e+01
1.9986163866666666e+14 9.6229367093407037e-01 2.1981202144748419e+01
("port 1","mode 1",1,"port 3",1,"transmission")
(23, 3)
1.8737028624999997e+14 7.8167918878348534e-04 -1.6255311880854204e+00
1.8799485387083331e+14 6.9424487955862689e-04 2.3697860552460603e-01
1.8861942149166662e+14 6.7117109527073512e-04 1.8443020341758927e+00
1.8924398911249997e+14 6.1393432565915644e-04 3.2245640623089282e+00
1.8986855673333331e+14 5.7491473583027837e-04 4.4884843689224354e+00
1.9049312435416662e+14 6.0965784543642876e-04 5.7881219828724566e+00
1.9111769197499997e+14 7.0178764115484964e-04 7.2066035269635540e+00
1.9174225959583331e+14 7.8946369756162957e-04 8.7213567927470095e+00
1.9236682721666666e+14 8.1430417294092370e-04 1.0334722383663578e+01
1.9299139483749997e+14 7.9940781372891761e-04 1.2097522264566470e+01
1.9359660086208747e+14 8.5565389290510863e-04 1.3906732362200596e+01
1.9361596245833331e+14 8.5928533032118446e-04 1.3964160755568436e+01
1.9363532405457916e+14 8.6300616271076504e-04 1.4021482485957893e+01
1.9424053007916666e+14 1.0005290023803065e-03 1.5751949503638775e+01
1.9486509769999997e+14 1.0837684857882802e-03 1.7443721510203062e+01
1.9548966532083331e+14 1.0454492335892109e-03 1.9139590507074100e+01
1.9611423294166666e+14 9.5239020366438755e-04 2.0893384373480551e+01
1.9673880056250000e+14 8.4515073829644896e-04 2.2646527078420704e+01
1.9736336818333331e+14 6.3440641959045538e-04 2.4372416126239099e+01
1.9798793580416666e+14 3.1691300078927288e-04 2.6457701329764291e+01
1.9861250342500000e+14 4.1235757088742113e-04 2.9334515289394474e+01
1.9923707104583331e+14 6.9751955937633840e-04 3.1124283124633482e+01
1.9986163866666666e+14 6.9789015341956725e-04 3.2745680210536570e+01
("port 1","mode 1",1,"port 4",1,"transmission")
(23, 3)
1.8737028624999997e+14 3.8216605439800805e-01 2.2731690582935893e+00
1.8799485387083331e+14 3.7435335547931842e-01 3.4990637332483310e+00
1.8861942149166662e+14 3.6672692772093579e-01 4.7245068762336411e+00
1.8924398911249997e+14 3.5929110449585266e-01 5.9494913028700402e+00
1.8986855673333331e+14 3.5203515463359564e-01 7.1740088487488283e+00
1.9049312435416662e+14 3.4495624638686223e-01 8.3980308399906889e+00
1.9111769197499997e+14 3.3804163750284771e-01 9.6215383234128087e+00
1.9174225959583331e+14 3.3129160958459758e-01 1.0844539539777934e+01
1.9236682721666666e+14 3.2468821292116423e-01 1.2067066212139073e+01
1.9299139483749997e+14 3.1822913268735259e-01 1.3289002760673286e+01
1.9359660086208747e+14 3.1209955206168055e-01 1.4472545088563237e+01
1.9361596245833331e+14 3.1190558002316737e-01 1.4510402110044872e+01
1.9363532405457916e+14 3.1171174742595403e-01 1.4548257591386946e+01
1.9424053007916666e+14 3.0570775069200051e-01 1.5731251565393929e+01
1.9486509769999997e+14 2.9962768510441273e-01 1.6951560814543466e+01
1.9548966532083331e+14 2.9366787498913205e-01 1.8171308597576186e+01
1.9611423294166666e+14 2.8781780098523863e-01 1.9390544408582461e+01
1.9673880056250000e+14 2.8208045586001007e-01 2.0609242598421311e+01
1.9736336818333331e+14 2.7645346076497535e-01 2.1827415311503742e+01
1.9798793580416666e+14 2.7092787857460326e-01 2.3045147758310701e+01
1.9861250342500000e+14 2.6550221899304721e-01 2.4262337144564558e+01
1.9923707104583331e+14 2.6017723276211574e-01 2.5479025841441203e+01
1.9986163866666666e+14 2.5495685430449000e-01 2.6695269060424796e+01
("port 2","mode 1",1,"port 1",1,"transmission")
(23, 3)
1.8737028624999997e+14 9.2046225439519458e-01 -2.4430821966100682e+00
1.8799485387083331e+14 9.2363492517800239e-01 -1.2176243052700708e+00
1.8861942149166662e+14 9.2664937171639905e-01 7.4109412829424905e-03
1.8924398911249997e+14 9.2951628469936476e-01 1.2320386301077266e+00
1.8986855673333331e+14 9.3224700123664372e-01 2.4562662546431744e+00
1.9049312435416662e+14 9.3482698704828115e-01 3.6800683190578019e+00
1.9111769197499997e+14 9.3729780817003849e-01 4.9034396367318793e+00
1.9174225959583331e+14 9.3966625394806536e-01 6.1263782709786625e+00
1.9236682721666666e+14 9.4192677374639355e-01 7.3489128528041521e+00
1.9299139483749997e+14 9.4409078115745937e-01 8.5709420501298084e+00
1.9359660086208747e+14 9.4611122402731440e-01 9.7546428411277954e+00
1.9361596245833331e+14 9.4617293409865577e-01 9.7925018271927673e+00
1.9363532405457916e+14 9.4623917741641916e-01 9.8303674070853386e+00
1.9424053007916666e+14 9.4817000338934943e-01 1.1013601309517725e+01
1.9486509769999997e+14 9.5008127070703186e-01 1.2234214887195980e+01
1.9548966532083331e+14 9.5191127079546389e-01 1.3454327380973865e+01
1.9611423294166666e+14 9.5366633596417183e-01 1.4673958822357809e+01
1.9673880056250000e+14 9.5533098297249242e-01 1.5893085598496187e+01
1.9736336818333331e+14 9.5691587317382110e-01 1.7111716734483515e+01
1.9798793580416666e+14 9.5841624981451234e-01 1.8329858667724345e+01
1.9861250342500000e+14 9.5978603758483261e-01 1.9547487947254211e+01
1.9923707104583331e+14 9.6107398756701468e-01 2.0764583940332450e+01
1.9986163866666666e+14 9.6229373403139695e-01 2.1981202122683335e+01
("port 2","mode 1",1,"port 2",1,"transmission")
(23, 3)
1.8737028624999997e+14 3.7978485213727444e-03 -1.8838195549911732e+00
1.8799485387083331e+14 2.6982486179259338e-03 -1.4323846554329580e+00
1.8861942149166662e+14 1.8873218723995543e-03 -1.1245319271947500e+00
1.8924398911249997e+14 1.7353985951380790e-03 -9.4741685660869657e-01
1.8986855673333331e+14 2.0108636993296704e-03 -5.0743540510140450e-01
1.9049312435416662e+14 1.8530595873064743e-03 1.0528807123128094e-01
1.9111769197499997e+14 1.0483056700063393e-03 2.3821722081981153e-01
1.9174225959583331e+14 1.9528841185208192e-03 -2.9170313302509970e-01
1.9236682721666666e+14 3.6576334817319538e-03 2.8710334723301911e-01
1.9299139483749997e+14 4.1275274478374657e-03 1.0173639277066597e+00
1.9359660086208747e+14 3.0932838413330718e-03 1.5865913333000889e+00
1.9361596245833331e+14 3.0464971701402491e-03 1.5980394242942395e+00
1.9363532405457916e+14 3.0004369109618207e-03 1.6088176408042349e+00
1.9424053007916666e+14 2.1977394466199578e-03 1.5757861034327036e+00
1.9486509769999997e+14 3.1261140005123516e-03 1.8378257906145039e+00
1.9548966532083331e+14 3.4343402623147052e-03 2.7068673688153795e+00
1.9611423294166666e+14 2.7398238362086290e-03 3.8528505722242881e+00
1.9673880056250000e+14 1.7747327073964444e-03 5.0367226302076693e+00
1.9736336818333331e+14 9.6126328341088988e-04 5.1941323231223215e+00
1.9798793580416666e+14 2.5934176209401875e-03 5.1904201096174187e+00
1.9861250342500000e+14 4.3808043069710851e-03 5.9801785646905401e+00
1.9923707104583331e+14 4.3644417890851142e-03 6.7480933925469051e+00
1.9986163866666666e+14 2.7830673989023913e-03 7.0568955735396397e+00
("port 2","mode 1",1,"port 3",1,"transmission")
(23, 3)
1.8737028624999997e+14 3.8216605058950220e-01 2.2731690802675009e+00
1.8799485387083331e+14 3.7435336823754267e-01 3.4990637677798513e+00
1.8861942149166662e+14 3.6672691048494194e-01 4.7245069248261835e+00
1.8924398911249997e+14 3.5929109845470625e-01 5.9494913031598431e+00
1.8986855673333331e+14 3.5203514155605053e-01 7.1740089005122538e+00
1.9049312435416662e+14 3.4495620719206727e-01 8.3980309058376381e+00
1.9111769197499997e+14 3.3804160509345044e-01 9.6215383266516810e+00
1.9174225959583331e+14 3.3129159489141763e-01 1.0844539541166224e+01
1.9236682721666666e+14 3.2468819212419914e-01 1.2067066220842110e+01
1.9299139483749997e+14 3.1822911595989872e-01 1.3289002758374156e+01
1.9359660086208747e+14 3.1209954629304143e-01 1.4472545063462025e+01
1.9361596245833331e+14 3.1190553119739334e-01 1.4510402050688443e+01
1.9363532405457916e+14 3.1171173678885494e-01 1.4548257572272259e+01
1.9424053007916666e+14 3.0570773098913145e-01 1.5731251559893492e+01
1.9486509769999997e+14 2.9962766760930942e-01 1.6951560829487448e+01
1.9548966532083331e+14 2.9366785546706825e-01 1.8171308608762484e+01
1.9611423294166666e+14 2.8781777511007522e-01 1.9390544412008762e+01
1.9673880056250000e+14 2.8208044018416079e-01 2.0609242554867606e+01
1.9736336818333331e+14 2.7645343210026191e-01 2.1827415290368812e+01
1.9798793580416666e+14 2.7092785405112624e-01 2.3045147698116878e+01
1.9861250342500000e+14 2.6550220812029551e-01 2.4262337085229380e+01
1.9923707104583331e+14 2.6017720910377423e-01 2.5479025796744914e+01
1.9986163866666666e+14 2.5495682870292941e-01 2.6695268995894253e+01
("port 2","mode 1",1,"port 4",1,"transmission")
(23, 3)
1.8737028624999997e+14 7.8168998486624532e-04 -1.6255311910344470e+00
1.8799485387083331e+14 6.9425408701713856e-04 2.3697572084306681e-01
1.8861942149166662e+14 6.7117925512741219e-04 1.8443001827667029e+00
1.8924398911249997e+14 6.1394086539586857e-04 3.2245660941761400e+00
1.8986855673333331e+14 5.7491813108603721e-04 4.4884907744399394e+00
1.9049312435416662e+14 6.0965765821770223e-04 5.7881302777345320e+00
1.9111769197499997e+14 7.0178504031484718e-04 7.2066117488143293e+00
1.9174225959583331e+14 7.8946043744384728e-04 8.7213643257944220e+00
1.9236682721666666e+14 8.1430144626445532e-04 1.0334728818054582e+01
1.9299139483749997e+14 7.9940557966068956e-04 1.2097527433527558e+01
1.9359660086208747e+14 8.5565167724692935e-04 1.3906737106623650e+01
1.9361596245833331e+14 8.5928318617154364e-04 1.3964165515367046e+01
1.9363532405457916e+14 8.6300396603930974e-04 1.4021487215678455e+01
1.9424053007916666e+14 1.0005273030056795e-03 1.5751954398746808e+01
1.9486509769999997e+14 1.0837684516771828e-03 1.7443726332704792e+01
1.9548966532083331e+14 1.0454514465411942e-03 1.9139594406464337e+01
1.9611423294166666e+14 9.5239390500478883e-04 2.0893386151916488e+01
1.9673880056250000e+14 8.4515473313044674e-04 2.2646526392766056e+01
1.9736336818333331e+14 6.3441023181106412e-04 2.4372412215373899e+01
1.9798793580416666e+14 3.1691460658950758e-04 2.6457684713392183e+01
1.9861250342500000e+14 4.1235156482664030e-04 2.9334510169695765e+01
1.9923707104583331e+14 6.9751280633715868e-04 3.1124284470961388e+01
1.9986163866666666e+14 6.9788463345608562e-04 3.2745684730111350e+01
("port 3","mode 1",1,"port 1",1,"transmission")
(23, 3)
1.8737028624999997e+14 7.8112417628340509e-04 -1.6213430222467913e+00
1.8799485387083331e+14 6.9317574253115785e-04 2.4058540272442838e-01
1.8861942149166662e+14 6.6865833012471384e-04 1.8474691492814919e+00
1.8924398911249997e+14 6.1047646527561858e-04 3.2263138492851011e+00
1.8986855673333331e+14 5.7189236415231806e-04 4.4869939648763362e+00
1.9049312435416662e+14 6.0825365956646493e-04 5.7840572828411529e+00
1.9111769197499997e+14 7.0199331379307793e-04 7.2021217354846430e+00
1.9174225959583331e+14 7.9078202747495988e-04 8.7176850708611937e+00
1.9236682721666666e+14 8.1641036582475531e-04 1.0332104927256879e+01
1.9299139483749997e+14 8.0202324166575806e-04 1.2095474504251669e+01
1.9359660086208747e+14 8.5840843167991855e-04 1.3904968512953181e+01
1.9361596245833331e+14 8.6204207074786941e-04 1.3962413522247502e+01
1.9363532405457916e+14 8.6576535890169623e-04 1.4019752533239760e+01
1.9424053007916666e+14 1.0034883281574876e-03 1.5750989334960629e+01
1.9486509769999997e+14 1.0870779168952161e-03 1.7443523315942752e+01
1.9548966532083331e+14 1.0486452791078895e-03 1.9139855865604165e+01
1.9611423294166666e+14 9.5492385543563248e-04 2.0894416788474054e+01
1.9673880056250000e+14 8.4746525368331659e-04 2.2649209520917712e+01
1.9736336818333331e+14 6.3717658601642954e-04 2.4377002697581734e+01
1.9798793580416666e+14 3.2005342640181614e-04 2.6461876948590987e+01
1.9861250342500000e+14 4.1462456851158372e-04 2.9333120395682347e+01
1.9923707104583331e+14 7.0107148801200456e-04 3.1125141773955846e+01
1.9986163866666666e+14 7.0220246848180323e-04 3.2746516407987414e+01
("port 3","mode 1",1,"port 2",1,"transmission")
(23, 3)
1.8737028624999997e+14 3.8213097552369252e-01 2.2731294098177091e+00
1.8799485387083331e+14 3.7432538021772110e-01 3.4990335761661102e+00
1.8861942149166662e+14 3.6670510575367027e-01 4.7244841415578502e+00
1.8924398911249997e+14 3.5927487825929194e-01 5.9494748874739649e+00
1.8986855673333331e+14 3.5202369412097773e-01 7.1739988155341106e+00
1.9049312435416662e+14 3.4494844455651330e-01 8.3980251547403988e+00
1.9111769197499997e+14 3.3803700488100707e-01 9.6215351971377672e+00
1.9174225959583331e+14 3.3128952866711520e-01 1.0844538907326237e+01
1.9236682721666666e+14 3.2468742592960753e-01 1.2067067659213929e+01
1.9299139483749997e+14 3.1822881775297879e-01 1.3289004384072500e+01
1.9359660086208747e+14 3.1209925721848342e-01 1.4472546083019767e+01
1.9361596245833331e+14 3.1190528655827948e-01 1.4510403118443367e+01
1.9363532405457916e+14 3.1171144664414469e-01 1.4548258604395157e+01
1.9424053007916666e+14 3.0570680833715336e-01 1.5731251842625507e+01
1.9486509769999997e+14 2.9962567545601831e-01 1.6951559242179606e+01
1.9548966532083331e+14 2.9366464300050793e-01 1.8171304738632454e+01
1.9611423294166666e+14 2.8781299647642744e-01 1.9390539268717799e+01
1.9673880056250000e+14 2.8207345712634191e-01 2.0609235977202875e+01
1.9736336818333331e+14 2.7644395595459964e-01 2.1827406690993545e+01
1.9798793580416666e+14 2.7091549244291641e-01 2.3045136980653560e+01
1.9861250342500000e+14 2.6548646709488216e-01 2.4262323598413168e+01
1.9923707104583331e+14 2.6015783964198902e-01 2.5479007663500536e+01
1.9986163866666666e+14 2.5493382445588653e-01 2.6695245764620424e+01
("port 3","mode 1",1,"port 3",1,"transmission")
(23, 3)
1.8737028624999997e+14 3.8177530307532477e-03 -1.9031381926841859e+00
1.8799485387083331e+14 2.6858281351587652e-03 -1.4519403923728953e+00
1.8861942149166662e+14 1.8579728849854663e-03 -1.1449466996804465e+00
1.8924398911249997e+14 1.7114732605605445e-03 -9.6597896634997127e-01
1.8986855673333331e+14 1.9924359212457800e-03 -5.1305239680208570e-01
1.9049312435416662e+14 1.8378288290261612e-03 1.0988522359539048e-01
1.9111769197499997e+14 1.0324122898318076e-03 2.4276380484758192e-01
1.9174225959583331e+14 1.9501978718742992e-03 -2.9443659935332966e-01
1.9236682721666666e+14 3.6596165131289526e-03 2.8804720087795432e-01
1.9299139483749997e+14 4.1263549133876013e-03 1.0187390579109592e+00
1.9359660086208747e+14 3.0880896853248923e-03 1.5867306225296895e+00
1.9361596245833331e+14 3.0412828544543109e-03 1.5980788346001698e+00
1.9363532405457916e+14 2.9951711201001070e-03 1.6087945536037009e+00
1.9424053007916666e+14 2.1998344197089147e-03 1.5739036796678316e+00
1.9486509769999997e+14 3.1320546358425639e-03 1.8394920000177684e+00
1.9548966532083331e+14 3.4407311313147120e-03 2.7089443658363868e+00
1.9611423294166666e+14 2.7438030378782023e-03 3.8509800460396875e+00
1.9673880056250000e+14 1.7614369744674153e-03 5.0275161650274489e+00
1.9736336818333331e+14 9.4777454182739260e-04 5.1660773675460838e+00
1.9798793580416666e+14 2.5779893125198769e-03 5.1803044090494570e+00
1.9861250342500000e+14 4.3346229685134047e-03 5.9795133722052167e+00
1.9923707104583331e+14 4.3105824270823108e-03 6.7558515752354769e+00
1.9986163866666666e+14 2.7370282852163209e-03 7.0752647578407046e+00
("port 3","mode 1",1,"port 4",1,"transmission")
(23, 3)
1.8737028624999997e+14 9.2053843540363678e-01 -2.4430438922968269e+00
1.8799485387083331e+14 9.2369707211965169e-01 -1.2175943859539424e+00
1.8861942149166662e+14 9.2669989116953955e-01 7.4343849656905376e-03
1.8924398911249997e+14 9.2955582317814966e-01 1.2320569229584053e+00
1.8986855673333331e+14 9.3227703659761785e-01 2.4562794990748800e+00
1.9049312435416662e+14 9.3484951698856000e-01 3.6800783565117432e+00
1.9111769197499997e+14 9.3731273446719621e-01 4.9034480069772268e+00
1.9174225959583331e+14 9.3967390704993914e-01 6.1263842136561824e+00
1.9236682721666666e+14 9.4192973509636846e-01 7.3489161839403669e+00
1.9299139483749997e+14 9.4409087756537979e-01 8.5709439257735802e+00
1.9359660086208747e+14 9.4610982609957794e-01 9.7546437373065071e+00
1.9361596245833331e+14 9.4617154636176926e-01 9.7925026967036040e+00
1.9363532405457916e+14 9.4623780028365656e-01 9.8303681815460084e+00
1.9424053007916666e+14 9.4816959017859359e-01 1.1013601186016921e+01
1.9486509769999997e+14 9.5008419654118048e-01 1.2234215419519952e+01
1.9548966532083331e+14 9.5191873504211366e-01 1.3454329753565570e+01
1.9611423294166666e+14 9.5368004664695050e-01 1.4673963210595735e+01
1.9673880056250000e+14 9.5535318635278477e-01 1.5893093039870843e+01
1.9736336818333331e+14 9.5694764677258104e-01 1.7111728523524189e+01
1.9798793580416666e+14 9.5845848989322191e-01 1.8329874778190185e+01
1.9861250342500000e+14 9.5984062591298036e-01 1.9547508698085917e+01
1.9923707104583331e+14 9.6114201988836789e-01 2.0764610055961658e+01
1.9986163866666666e+14 9.6237618124700475e-01 2.1981233297462460e+01
("port 4","mode 1",1,"port 1",1,"transmission")
(23, 3)
1.8737028624999997e+14 3.8213100903274283e-01 2.2731294481452711e+00
1.8799485387083331e+14 3.7432537782665765e-01 3.4990336127840020e+00
1.8861942149166662e+14 3.6670509000069001e-01 4.7244841649405727e+00
1.8924398911249997e+14 3.5927488671306784e-01 5.9494748720064257e+00
1.8986855673333331e+14 3.5202368635282827e-01 7.1739988050960370e+00
1.9049312435416662e+14 3.4494844213878934e-01 8.3980251329974447e+00
1.9111769197499997e+14 3.3803700876908888e-01 9.6215351837740748e+00
1.9174225959583331e+14 3.3128953283147500e-01 1.0844538965604652e+01
1.9236682721666666e+14 3.2468743982085163e-01 1.2067067682037228e+01
1.9299139483749997e+14 3.1822881966267647e-01 1.3289004412025010e+01
1.9359660086208747e+14 3.1209927161219631e-01 1.4472546125589867e+01
1.9361596245833331e+14 3.1190528734481571e-01 1.4510403143907803e+01
1.9363532405457916e+14 3.1171145896682761e-01 1.4548258621984353e+01
1.9424053007916666e+14 3.0570682290623263e-01 1.5731251855691600e+01
1.9486509769999997e+14 2.9962568853409710e-01 1.6951559270936624e+01
1.9548966532083331e+14 2.9366465156350380e-01 1.8171304788972343e+01
1.9611423294166666e+14 2.8781300309568109e-01 1.9390539323965033e+01
1.9673880056250000e+14 2.8207345285576341e-01 2.0609236003439133e+01
1.9736336818333331e+14 2.7644394034857206e-01 2.1827406713190044e+01
1.9798793580416666e+14 2.7091550264797243e-01 2.3045136982622918e+01
1.9861250342500000e+14 2.6548646559140748e-01 2.4262323623462549e+01
1.9923707104583331e+14 2.6015785857570722e-01 2.5479007719150218e+01
1.9986163866666666e+14 2.5493382965609851e-01 2.6695245824338816e+01
("port 4","mode 1",1,"port 2",1,"transmission")
(23, 3)
1.8737028624999997e+14 7.8112225638910947e-04 -1.6213439918987851e+00
1.8799485387083331e+14 6.9317299685238984e-04 2.4058378334033889e-01
1.8861942149166662e+14 6.6865438684237419e-04 1.8474662575566143e+00
1.8924398911249997e+14 6.1047192732712960e-04 3.2263082641994929e+00
1.8986855673333331e+14 5.7188867623022156e-04 4.4869854937571967e+00
1.9049312435416662e+14 6.0825151505218642e-04 5.7840488310822762e+00
1.9111769197499997e+14 7.0199224473683878e-04 7.2021156117160743e+00
1.9174225959583331e+14 7.9078130696701350e-04 8.7176817076467543e+00
1.9236682721666666e+14 8.1640976919797900e-04 1.0332104788173069e+01
1.9299139483749997e+14 8.0202390476645600e-04 1.2095478381571160e+01
1.9359660086208747e+14 8.5841264169561561e-04 1.3904974442744081e+01
1.9361596245833331e+14 8.6204643307159973e-04 1.3962419456701287e+01
1.9363532405457916e+14 8.6576985655803474e-04 1.4019758510514592e+01
1.9424053007916666e+14 1.0034968101419028e-03 1.5750994313818184e+01
1.9486509769999997e+14 1.0870893839928723e-03 1.7443527128740051e+01
1.9548966532083331e+14 1.0486591288899781e-03 1.9139858633696740e+01
1.9611423294166666e+14 9.5493980084621446e-04 2.0894417186535893e+01
1.9673880056250000e+14 8.4748275164932816e-04 2.2649205944270776e+01
1.9736336818333331e+14 6.3719452382881507e-04 2.4376992145355089e+01
1.9798793580416666e+14 3.2006563220096564e-04 2.6461828371233878e+01
1.9861250342500000e+14 4.1461236013146574e-04 2.9333082232301962e+01
1.9923707104583331e+14 7.0105565268421116e-04 3.1125123876725411e+01
1.9986163866666666e+14 7.0218562196536986e-04 3.2746500342960601e+01
("port 4","mode 1",1,"port 3",1,"transmission")
(23, 3)
1.8737028624999997e+14 9.2053846318639765e-01 -2.4430438932733494e+00
1.8799485387083331e+14 9.2369711994970227e-01 -1.2175943714507027e+00
1.8861942149166662e+14 9.2669984454349807e-01 7.4344191382594831e-03
1.8924398911249997e+14 9.2955583032628097e-01 1.2320568878546245e+00
1.8986855673333331e+14 9.3227710008082865e-01 2.4562795253749083e+00
1.9049312435416662e+14 9.3484948559322989e-01 3.6800783838494149e+00
1.9111769197499997e+14 9.3731267379036520e-01 4.9034480117888357e+00
1.9174225959583331e+14 9.3967393510683195e-01 6.1263842056780575e+00
1.9236682721666666e+14 9.4192974478415081e-01 7.3489161838608803e+00
1.9299139483749997e+14 9.4409094568509422e-01 8.5709439163329257e+00
1.9359660086208747e+14 9.4610988827555442e-01 9.7546437003900799e+00
1.9361596245833331e+14 9.4617147613770469e-01 9.7925026313060677e+00
1.9363532405457916e+14 9.4623782727804329e-01 9.8303681553991247e+00
1.9424053007916666e+14 9.4816965855555624e-01 1.1013601183301899e+01
1.9486509769999997e+14 9.5008427780586968e-01 1.2234215443248273e+01
1.9548966532083331e+14 9.5191875398713521e-01 1.3454329773031258e+01
1.9611423294166666e+14 9.5368002769754856e-01 1.4673963260299889e+01
1.9673880056250000e+14 9.5535317773804318e-01 1.5893093064093419e+01
1.9736336818333331e+14 9.5694763978869146e-01 1.7111728548235146e+01
1.9798793580416666e+14 9.5845847559600617e-01 1.8329874781294180e+01
1.9861250342500000e+14 9.5984069973144215e-01 1.9547508719700129e+01
1.9923707104583331e+14 9.6114205364195626e-01 2.0764610114787388e+01
1.9986163866666666e+14 9.6237617240402251e-01 2.1981233342899493e+01
("port 4","mode 1",1,"port 4",1,"transmission")
(23, 3)
1.8737028624999997e+14 3.8177706867068410e-03 -1.9031302090712503e+00
1.8799485387083331e+14 2.6858112994555578e-03 -1.4519073941573366e+00
1.8861942149166662e+14 1.8579295570405416e-03 -1.1449437304743397e+00
1.8924398911249997e+14 1.7114728805793539e-03 -9.6598976663750147e-01
1.8986855673333331e+14 1.9924698078330480e-03 -5.1307230452262564e-01
1.9049312435416662e+14 1.8378136588066551e-03 1.0988866476804574e-01
1.9111769197499997e+14 1.0324469073205063e-03 2.4272078402915026e-01
1.9174225959583331e+14 1.9502177386773625e-03 -2.9440679038904566e-01
1.9236682721666666e+14 3.6596088134508839e-03 2.8805960253168661e-01
1.9299139483749997e+14 4.1263187073614866e-03 1.0187458774109053e+00
1.9359660086208747e+14 3.0880442267620764e-03 1.5867089047968430e+00
1.9361596245833331e+14 3.0412196967813843e-03 1.5980897017639941e+00
1.9363532405457916e+14 2.9951514034756593e-03 1.6087951457813539e+00
1.9424053007916666e+14 2.1998292675629912e-03 1.5738704735179747e+00
1.9486509769999997e+14 3.1320592185345698e-03 1.8394668028099868e+00
1.9548966532083331e+14 3.4408081662098688e-03 2.7089435491019245e+00
1.9611423294166666e+14 2.7438377992713486e-03 3.8509609729794345e+00
1.9673880056250000e+14 1.7614691352510273e-03 5.0274819627146350e+00
1.9736336818333331e+14 9.4783679220218826e-04 5.1660630576619013e+00
1.9798793580416666e+14 2.5780474727779882e-03 5.1803317361071928e+00
1.9861250342500000e+14 4.3345944510266793e-03 5.9795234733437104e+00
1.9923707104583331e+14 4.3105961957608328e-03 6.7558511676934705e+00
1.9986163866666666e+14 2.7370231512461834e-03 7.0752397438948931e+00
