["port 1","BOTTOM"]
["port 2","BOTTOM"]
["port 3","TOP"]
["port 4","TOP"]
("port 1","mode 1",1,"port 1",1,"transmission")
(23, 3)
1.8737028624999997e+14 3.5804677998124016e-03 -1.9820305912866782e+00
1.8799485387083331e+14 6.1819110950849649e-04 -1.1704145929454219e+00
1.8861942149166662e+14 2.5076242554261520e-03 -4.5902028362835433e-02
1.8924398911249997e+14 1.7899801417578694e-03 -1.0075954714313280e+00
1.8986855673333331e+14 1.8123185671555548e-03 -3.1325366450878516e+00
1.9049312435416662e+14 1.4219083751263678e-03 -4.7862757440600028e+00
1.9111769197499997e+14 2.8932191319420873e-03 -6.8112247822746701e+00
1.9174225959583331e+14 2.8086590467070933e-03 -7.4899734045426110e+00
1.9236682721666666e+14 1.3846252092728538e-03 -5.4874991688508885e+00
1.9299139483749997e+14 4.5550554927975126e-03 -5.5957945828497335e+00
1.9359660086208747e+14 3.1987455235405896e-03 -5.7687272343261329e+00
1.9361596245833331e+14 3.3840857333991398e-03 -5.7344347362665209e+00
1.9363532405457916e+14 3.5607325375102148e-03 -5.6955041210584243e+00
1.9424053007916666e+14 1.9930393128028945e-03 -4.3954392627699672e+00
1.9486509769999997e+14 3.8173194920775987e-03 -4.1295759211322007e+00
1.9548966532083331e+14 2.0390670464483091e-03 -4.3267674040969908e+00
1.9611423294166666e+14 1.5123203071393746e-03 -1.9670070699180695e+00
1.9673880056250000e+14 2.3044183902909549e-03 -2.0663976373185338e+00
1.9736336818333331e+14 1.2139219727858119e-03 -9.4872165966973465e-01
1.9798793580416666e+14 2.9723536851128250e-03 -2.5098332241128318e-01
1.9861250342500000e+14 3.5964901026546052e-03 -9.6099315641110100e-02
1.9923707104583331e+14 3.3033942414723520e-03 2.5171421208731243e-01
1.9986163866666666e+14 3.5266963028051644e-03 8.2027138316475179e-01
("port 1","mode 1",1,"port 2",1,"transmission")
(23, 3)
1.8737028624999997e+14 1.7842679869879738e-01 -1.6005895439982267e+00
1.8799485387083331e+14 1.4254027546784862e-01 1.0840488449819567e+00
1.8861942149166662e+14 1.0739230374269985e-01 3.7666957610053897e+00
1.8924398911249997e+14 7.2742367348375192e-02 6.4467902105439432e+00
1.8986855673333331e+14 3.8461146487277484e-02 9.1253134114817946e+00
1.9049312435416662e+14 4.6124377689549714e-03 1.1842537538009960e+01
1.9111769197499997e+14 2.8692439419608601e-02 1.1313584167661764e+01
1.9174225959583331e+14 6.1248323444617732e-02 1.3987356940026803e+01
1.9236682721666666e+14 9.2868855366535594e-02 1.6657214477195740e+01
1.9299139483749997e+14 1.2341698354878972e-01 1.9326257460942653e+01
1.9359660086208747e+14 1.5194413287111291e-01 2.1912828353281274e+01
1.9361596245833331e+14 1.5285027192664388e-01 2.1995567438673842e+01
1.9363532405457916e+14 1.5372826028213601e-01 2.2078315418163669e+01
1.9424053007916666e+14 1.8118834641091347e-01 2.4665231203814315e+01
1.9486509769999997e+14 2.0859397390550213e-01 2.7335270356238919e+01
1.9548966532083331e+14 2.3521682609994893e-01 3.0005189961815823e+01
1.9611423294166666e+14 2.6117646540310502e-01 3.2674304031258799e+01
1.9673880056250000e+14 2.8651577623622271e-01 3.5342316761649556e+01
1.9736336818333331e+14 3.1119000672881597e-01 3.8008946825257375e+01
1.9798793580416666e+14 3.3518042479651028e-01 4.0674000518572797e+01
1.9861250342500000e+14 3.5842813929247114e-01 4.3337735233055582e+01
1.9923707104583331e+14 3.8089541878486177e-01 4.6000079918819765e+01
1.9986163866666666e+14 4.0256667792040246e-01 4.8661337827035759e+01
("port 1","mode 1",1,"port 3",1,"transmission")
(23, 3)
1.8737028624999997e+14 7.0912367699485534e-04 3.0857377022876142e+00
1.8799485387083331e+14 7.3635304297074646e-04 1.8058239198586388e+00
1.8861942149166662e+14 2.0507361936436698e-04 -1.4260599464170545e-01
1.8924398911249997e+14 1.7265053529066097e-04 -1.9961109373742729e+00
1.8986855673333331e+14 3.4480758831119027e-04 -1.0645443299363946e+00
1.9049312435416662e+14 4.4556728980039100e-04 -2.4724120323360479e+00
1.9111769197499997e+14 7.1591558393600395e-04 -4.4842924581534422e+00
1.9174225959583331e+14 8.0109621784391115e-04 -5.9268641514552058e+00
1.9236682721666666e+14 7.4572841368135802e-04 -7.8682478866598382e+00
1.9299139483749997e+14 9.6970271959626161e-04 -9.3492163098568142e+00
1.9359660086208747e+14 7.0460272299508787e-04 -1.0964350504742141e+01
1.9361596245833331e+14 7.1695741469241230e-04 -1.0799618526918072e+01
1.9363532405457916e+14 7.3095299051171496e-04 -1.0637746793720503e+01
1.9424053007916666e+14 8.4197151828426810e-04 -1.2612910885296252e+01
1.9486509769999997e+14 9.7202320128582788e-04 -1.3897345634427198e+01
1.9548966532083331e+14 8.8666537609593784e-04 -1.5556947655722547e+01
1.9611423294166666e+14 1.1146527802897116e-03 -1.7156566474731545e+01
1.9673880056250000e+14 9.8458899210997924e-04 -1.8760607560823161e+01
1.9736336818333331e+14 1.1645852337619997e-03 -2.0483256978616158e+01
1.9798793580416666e+14 1.0318083773435628e-03 -2.1766717977252338e+01
1.9861250342500000e+14 8.3014434325049704e-04 -2.3681197883797818e+01
1.9923707104583331e+14 1.3337560062550260e-03 -2.5042193500506830e+01
1.9986163866666666e+14 1.0188277317427583e-03 -2.6248793554548534e+01
("port 1","mode 1",1,"port 4",1,"transmission")
(23, 3)
1.8737028624999997e+14 9.7998968619060634e-01 -4.1091212109584600e-02
1.8799485387083331e+14 9.8568947103935667e-01 2.6390956662891676e+00
1.8861942149166662e+14 9.9032440822128509e-01 5.3185900298789095e+00
1.8924398911249997e+14 9.9397753203265615e-01 7.9970335103683530e+00
1.8986855673333331e+14 9.9657567771603450e-01 1.0674096034110388e+01
1.9049312435416662e+14 9.9792080525718407e-01 1.3349902613644677e+01
1.9111769197499997e+14 9.9784890531692028e-01 1.6024380685842978e+01
1.9174225959583331e+14 9.9635781568710269e-01 1.8697959524114218e+01
1.9236682721666666e+14 9.9359415574050414e-01 2.1370726590084406e+01
1.9299139483749997e+14 9.8976408558710738e-01 2.4042754688150893e+01
1.9359660086208747e+14 9.8530114409267977e-01 2.6631345521452875e+01
1.9361596245833331e+14 9.8514291173295232e-01 2.6714159481529641e+01
1.9363532405457916e+14 9.8499215450055833e-01 2.6796986390333888e+01
1.9424053007916666e+14 9.7992585983092617e-01 2.9384740238962703e+01
1.9486509769999997e+14 9.7423559371287349e-01 3.2054493118539582e+01
1.9548966532083331e+14 9.6809229121066298e-01 3.4723224496323432e+01
1.9611423294166666e+14 9.6150640488847328e-01 3.7390758713539768e+01
1.9673880056250000e+14 9.5442263287466034e-01 4.0057223880040929e+01
1.9736336818333331e+14 9.4682081102903304e-01 4.2722520862044249e+01
1.9798793580416666e+14 9.3867415211963157e-01 4.5386610969307995e+01
1.9861250342500000e+14 9.3000657242522700e-01 4.8049731746744087e+01
1.9923707104583331e+14 9.2087220267216907e-01 5.0711783928445634e+01
1.9986163866666666e+14 9.1134610161631502e-01 5.3372963718839756e+01
("port 2","mode 1",1,"port 1",1,"transmission")
(23, 3)
1.8737028624999997e+14 1.7842673792587124e-01 -1.6005899818087086e+00
1.8799485387083331e+14 1.4254022619367310e-01 1.0840484937316155e+00
1.8861942149166662e+14 1.0739225761857507e-01 3.7666953687531479e+00
1.8924398911249997e+14 7.2742336266673008e-02 6.4467896277625698e+00
1.8986855673333331e+14 3.8461106664286523e-02 9.1253125864238989e+00
1.9049312435416662e+14 4.6123988179954684e-03 1.1842529023456365e+01
1.9111769197499997e+14 2.8692456780486899e-02 1.1313585242061100e+01
1.9174225959583331e+14 6.1248351602913136e-02 1.3987357231442278e+01
1.9236682721666666e+14 9.2868898899139893e-02 1.6657214936468321e+01
1.9299139483749997e+14 1.2341698298839071e-01 1.9326257886463701e+01
1.9359660086208747e+14 1.5194411346600017e-01 2.1912828506122203e+01
1.9361596245833331e+14 1.5285024749956899e-01 2.1995567495177259e+01
1.9363532405457916e+14 1.5372825543199001e-01 2.2078315518219309e+01
1.9424053007916666e+14 1.8118832729931170e-01 2.4665231234218275e+01
1.9486509769999997e+14 2.0859393624119477e-01 2.7335270390729640e+01
1.9548966532083331e+14 2.3521682810951258e-01 3.0005189694868477e+01
1.9611423294166666e+14 2.6117651148043181e-01 3.2674303894463513e+01
1.9673880056250000e+14 2.8651577205761031e-01 3.5342316792694426e+01
1.9736336818333331e+14 3.1119001405109015e-01 3.8008946732364500e+01
1.9798793580416666e+14 3.3518046395768364e-01 4.0674000439663210e+01
1.9861250342500000e+14 3.5842816775507691e-01 4.3337735200783548e+01
1.9923707104583331e+14 3.8089543235536638e-01 4.6000079748551066e+01
1.9986163866666666e+14 4.0256671582339898e-01 4.8661337672236691e+01
("port 2","mode 1",1,"port 2",1,"transmission")
(23, 3)
1.8737028624999997e+14 3.5805342087652887e-03 -1.9820235390799223e+00
1.8799485387083331e+14 6.1827807658705689e-04 -1.1702994960292172e+00
1.8861942149166662e+14 2.5076306060332321e-03 -4.5918971515767459e-02
1.8924398911249997e+14 1.7899763700048800e-03 -1.0075307175594093e+00
1.8986855673333331e+14 1.8122665620010673e-03 -3.1324903184753827e+00
1.9049312435416662e+14 1.4220092475072008e-03 -4.7862629297070285e+00
1.9111769197499997e+14 2.8931952612064669e-03 -6.8112387621068002e+00
1.9174225959583331e+14 2.8086913433327323e-03 -7.4899570900333341e+00
1.9236682721666666e+14 1.3847032926427852e-03 -5.4875167024393612e+00
1.9299139483749997e+14 4.5550980644881115e-03 -5.5957894605599980e+00
1.9359660086208747e+14 3.1987480662251672e-03 -5.7687294953843162e+00
1.9361596245833331e+14 3.3841170848676167e-03 -5.7344344047258469e+00
1.9363532405457916e+14 3.5606506384017853e-03 -5.6955062172849047e+00
1.9424053007916666e+14 1.9930252254290507e-03 -4.3954010469628111e+00
1.9486509769999997e+14 3.8173395036901082e-03 -4.1295728957631388e+00
1.9548966532083331e+14 2.0390334842471341e-03 -4.3267791381322844e+00
1.9611423294166666e+14 1.5123069768600112e-03 -1.9669635643698322e+00
1.9673880056250000e+14 2.3044558204488716e-03 -2.0664213120080550e+00
1.9736336818333331e+14 1.2139878872450575e-03 -9.4870677027280481e-01
1.9798793580416666e+14 2.9724178664338645e-03 -2.5098687737470021e-01
1.9861250342500000e+14 3.5964785799271434e-03 -9.6093810704652560e-02
1.9923707104583331e+14 3.3033698664539785e-03 2.5171136342192246e-01
1.9986163866666666e+14 3.5267150812881760e-03 8.2025614639383226e-01
("port 2","mode 1",1,"port 3",1,"transmission")
(23, 3)
1.8737028624999997e+14 9.7998965971418728e-01 -4.1091221315848254e-02
1.8799485387083331e+14 9.8568945568727628e-01 2.6390956882454764e+00
1.8861942149166662e+14 9.9032436312112437e-01 5.3185899993214907e+00
1.8924398911249997e+14 9.9397750655348027e-01 7.9970335236836370e+00
1.8986855673333331e+14 9.9657556275428383e-01 1.0674096067363438e+01
1.9049312435416662e+14 9.9792081818102440e-01 1.3349902557794415e+01
1.9111769197499997e+14 9.9784891599067538e-01 1.6024380703805576e+01
1.9174225959583331e+14 9.9635770912858168e-01 1.8697959574528564e+01
1.9236682721666666e+14 9.9359412654505974e-01 2.1370726584372992e+01
1.9299139483749997e+14 9.8976413294418997e-01 2.4042754735403872e+01
1.9359660086208747e+14 9.8530105997379602e-01 2.6631345504383113e+01
1.9361596245833331e+14 9.8514285456453732e-01 2.6714159471896423e+01
1.9363532405457916e+14 9.8499203887728926e-01 2.6796986349082509e+01
1.9424053007916666e+14 9.7992581283963187e-01 2.9384740230817364e+01
1.9486509769999997e+14 9.7423559480452770e-01 3.2054493135363806e+01
1.9548966532083331e+14 9.6809223739922801e-01 3.4723224492961528e+01
1.9611423294166666e+14 9.6150645577642602e-01 3.7390758737857851e+01
1.9673880056250000e+14 9.5442262473575168e-01 4.0057223936397499e+01
1.9736336818333331e+14 9.4682084967692026e-01 4.2722520952619469e+01
1.9798793580416666e+14 9.3867409648936395e-01 4.5386611032115226e+01
1.9861250342500000e+14 9.3000650276299357e-01 4.8049731805609198e+01
1.9923707104583331e+14 9.2087215642479769e-01 5.0711783985075272e+01
1.9986163866666666e+14 9.1134599654326587e-01 5.3372963738383021e+01
("port 2","mode 1",1,"port 4",1,"transmission")
(23, 3)
1.8737028624999997e+14 7.0910905660024161e-04 3.0857314539412037e+00
1.8799485387083331e+14 7.3635331946509774e-04 1.8058354735841566e+00
1.8861942149166662e+14 2.0505488811010638e-04 -1.4247569738500865e-01
1.8924398911249997e+14 1.7266683611234717e-04 -1.9959803349511784e+00
1.8986855673333331e+14 3.4481082374288876e-04 -1.0646041282570198e+00
1.9049312435416662e+14 4.4553347057645548e-04 -2.4724141052807642e+00
1.9111769197499997e+14 7.1591036211223218e-04 -4.4842686385096000e+00
1.9174225959583331e+14 8.0110064911323323e-04 -5.9268572758726048e+00
1.9236682721666666e+14 7.4573767795976635e-04 -7.8682522521017182e+00
1.9299139483749997e+14 9.6969649221488618e-04 -9.3492322327119766e+00
1.9359660086208747e+14 7.0456978101297082e-04 -1.0964358858098750e+01
1.9361596245833331e+14 7.1692349548362912e-04 -1.0799624515100511e+01
1.9363532405457916e+14 7.3091820346017991e-04 -1.0637750481537470e+01
1.9424053007916666e+14 8.4193040996716922e-04 -1.2612873312211832e+01
1.9486509769999997e+14 9.7203099353916297e-04 -1.3897275517077055e+01
1.9548966532083331e+14 8.8674322359406238e-04 -1.5556904246771714e+01
1.9611423294166666e+14 1.1146983858624684e-03 -1.7156594719795446e+01
1.9673880056250000e+14 9.8460743250195458e-04 -1.8760647352124678e+01
1.9736336818333331e+14 1.1645470177527224e-03 -2.0483275752550089e+01
1.9798793580416666e+14 1.0318226052116529e-03 -2.1766678507909376e+01
1.9861250342500000e+14 8.3017766988003217e-04 -2.3681204892120501e+01
1.9923707104583331e+14 1.3337502869522277e-03 -2.5042201737767069e+01
1.9986163866666666e+14 1.0188287874493592e-03 -2.6248788683341374e+01
("port 3","mode 1",1,"port 1",1,"transmission")
(23, 3)
1.8737028624999997e+14 7.0933925662826163e-04 3.0853732332673611e+00
1.8799485387083331e+14 7.3637321481278889e-04 1.8040504194655060e+00
1.8861942149166662e+14 2.0641871513068805e-04 -1.4752447966763954e-01
1.8924398911249997e+14 1.7362475996873328e-04 -1.9970828578604405e+00
1.8986855673333331e+14 3.4388994336642344e-04 -1.0644472270214562e+00
1.9049312435416662e+14 4.4434395549272534e-04 -2.4727423141793996e+00
1.9111769197499997e+14 7.1520036976904788e-04 -4.4857393383690649e+00
1.9174225959583331e+14 8.0034955933585509e-04 -5.9277653271059272e+00
1.9236682721666666e+14 7.4515063553405581e-04 -7.8695128757412771e+00
1.9299139483749997e+14 9.6915786990553292e-04 -9.3503398591752855e+00
1.9359660086208747e+14 7.0408398852738168e-04 -1.0965760147041955e+01
1.9361596245833331e+14 7.1642094005389297e-04 -1.0800993004972224e+01
1.9363532405457916e+14 7.3040181260633583e-04 -1.0639084990577047e+01
1.9424053007916666e+14 8.4173982358850164e-04 -1.2614329156189866e+01
1.9486509769999997e+14 9.7179689117663588e-04 -1.3898350865043069e+01
1.9548966532083331e+14 8.8628495098897354e-04 -1.5557899673750125e+01
1.9611423294166666e+14 1.1141991911144892e-03 -1.7157870812989437e+01
1.9673880056250000e+14 9.8513742404641980e-04 -1.8761987309294920e+01
1.9736336818333331e+14 1.1647164262719859e-03 -2.0483561751135735e+01
1.9798793580416666e+14 1.0309523139819664e-03 -2.1768018568990701e+01
1.9861250342500000e+14 8.3130469982666498e-04 -2.3683343987457249e+01
1.9923707104583331e+14 1.3346217693699875e-03 -2.5042412258055336e+01
1.9986163866666666e+14 1.0179127144033895e-03 -2.6249133374441072e+01
("port 3","mode 1",1,"port 2",1,"transmission")
(23, 3)
1.8737028624999997e+14 9.7990518610616151e-01 -4.1131159913530078e-02
1.8799485387083331e+14 9.8561977632550180e-01 2.6390641462894480e+00
1.8861942149166662e+14 9.9026935212502820e-01 5.3185664970606696e+00
1.8924398911249997e+14 9.9393560347145515e-01 7.9970155498252673e+00
1.8986855673333331e+14 9.9654423012385229e-01 1.0674082834518995e+01
1.9049312435416662e+14 9.9789950299065167e-01 1.3349893745516798e+01
1.9111769197499997e+14 9.9783666830647766e-01 1.6024374535663803e+01
1.9174225959583331e+14 9.9635164427929857e-01 1.8697955209314792e+01
1.9236682721666666e+14 9.9359118784914979e-01 2.1370725179660948e+01
1.9299139483749997e+14 9.8976345898930029e-01 2.4042755870344230e+01
1.9359660086208747e+14 9.8530099110023550e-01 2.6631346940291742e+01
1.9361596245833331e+14 9.8514265305663618e-01 2.6714160845891922e+01
1.9363532405457916e+14 9.8499174567268832e-01 2.6796987782531961e+01
1.9424053007916666e+14 9.7992395763094620e-01 2.9384740441686755e+01
1.9486509769999997e+14 9.7423061333552730e-01 3.2054491779820999e+01
1.9548966532083331e+14 9.6808355533843726e-01 3.4723221439142364e+01
1.9611423294166666e+14 9.6149254458620781e-01 3.7390753192796005e+01
1.9673880056250000e+14 9.5440140792789241e-01 4.0057216066373698e+01
1.9736336818333331e+14 9.4679080257413495e-01 4.2722511452187298e+01
1.9798793580416666e+14 9.3863396042114433e-01 4.5386598584172802e+01
1.9861250342500000e+14 9.2995448405710934e-01 4.8049715093090299e+01
1.9923707104583331e+14 9.2080675478224461e-01 5.0711761898295684e+01
1.9986163866666666e+14 9.1126634794372618e-01 5.3372934937673207e+01
("port 3","mode 1",1,"port 3",1,"transmission")
(23, 3)
1.8737028624999997e+14 3.6020205286526447e-03 -2.0011262962209742e+00
1.8799485387083331e+14 5.9266885328589244e-04 -1.2589166923533477e+00
1.8861942149166662e+14 2.4595980718918292e-03 -4.4650503576889405e-02
1.8924398911249997e+14 1.7668489422897082e-03 -1.0229422131749422e+00
1.8986855673333331e+14 1.8365261820174859e-03 -3.1342081086129352e+00
1.9049312435416662e+14 1.4207249424016554e-03 -4.7741539368795145e+00
1.9111769197499997e+14 2.8818635378270335e-03 -6.8133328224065846e+00
1.9174225959583331e+14 2.8043569638175748e-03 -7.4919539507733823e+00
1.9236682721666666e+14 1.3843574876465953e-03 -5.4865588779553809e+00
1.9299139483749997e+14 4.5542466968278451e-03 -5.5960738817066327e+00
1.9359660086208747e+14 3.1970690161885161e-03 -5.7686632099630470e+00
1.9361596245833331e+14 3.3824625616760595e-03 -5.7344272201113302e+00
1.9363532405457916e+14 3.5590761679511122e-03 -5.6955492634475435e+00
1.9424053007916666e+14 1.9950437646068203e-03 -4.3948691157170838e+00
1.9486509769999997e+14 3.8194480200141206e-03 -4.1294380713004371e+00
1.9548966532083331e+14 2.0409008449401838e-03 -4.3243207619435848e+00
1.9611423294166666e+14 1.5168455455602213e-03 -1.9748049200360671e+00
1.9673880056250000e+14 2.3107229443467409e-03 -2.0745336966445018e+00
1.9736336818333331e+14 1.1957750185067509e-03 -9.6332508168136710e-01
1.9798793580416666e+14 2.9390335430129672e-03 -2.5259230867310983e-01
1.9861250342500000e+14 3.5499918202335267e-03 -9.6179530647547820e-02
1.9923707104583331e+14 3.2479181964219267e-03 2.5851191096317300e-01
1.9986163866666666e+14 3.4861007655961592e-03 8.3703948064904599e-01
("port 3","mode 1",1,"port 4",1,"transmission")
(23, 3)
1.8737028624999997e+14 1.7844438766388934e-01 -1.6005568658918576e+00
1.8799485387083331e+14 1.4255171054299506e-01 1.0840672201259975e+00
1.8861942149166662e+14 1.0739855035806470e-01 3.7667043987776307e+00
1.8924398911249997e+14 7.2744988873995137e-02 6.4467928618813506e+00
1.8986855673333331e+14 3.8461663959380450e-02 9.1253093409457353e+00
1.9049312435416662e+14 4.6122193496554789e-03 1.1842467098753930e+01
1.9111769197499997e+14 2.8692843708846099e-02 1.1313593883350135e+01
1.9174225959583331e+14 6.1248657958710657e-02 1.3987361998959981e+01
1.9236682721666666e+14 9.2869271286555630e-02 1.6657218509308148e+01
1.9299139483749997e+14 1.2341720263911159e-01 1.9326259930523310e+01
1.9359660086208747e+14 1.5194417995496792e-01 2.1912830322736262e+01
1.9361596245833331e+14 1.5285025164180799e-01 2.1995569078230780e+01
1.9363532405457916e+14 1.5372823717911513e-01 2.2078316797118628e+01
1.9424053007916666e+14 1.8118824461524094e-01 2.4665231871216843e+01
1.9486509769999997e+14 2.0859406902920219e-01 2.7335271191934090e+01
1.9548966532083331e+14 2.3521793472094868e-01 3.0005192060773521e+01
1.9611423294166666e+14 2.6117956552944543e-01 3.2674309220067343e+01
1.9673880056250000e+14 2.8652216300211841e-01 3.5342325914314188e+01
1.9736336818333331e+14 3.1120027519333326e-01 3.8008959631009112e+01
1.9798793580416666e+14 3.3519510906923222e-01 4.0674017645223074e+01
1.9861250342500000e+14 3.5844815943343683e-01 4.3337756205158257e+01
1.9923707104583331e+14 3.8092167929072696e-01 4.6000104313905659e+01
1.9986163866666666e+14 4.0260014912556813e-01 4.8661366827981759e+01
("port 4","mode 1",1,"port 1",1,"transmission")
(23, 3)
1.8737028624999997e+14 9.7990534658327777e-01 -4.1131273680685934e-02
1.8799485387083331e+14 9.8561982289824923e-01 2.6390641330301987e+00
1.8861942149166662e+14 9.9026943770076159e-01 5.3185664886062662e+00
1.8924398911249997e+14 9.9393576676351159e-01 7.9970155007725774e+00
1.8986855673333331e+14 9.9654428860003841e-01 1.0674082821518832e+01
1.9049312435416662e+14 9.9789961450457809e-01 1.3349893784228719e+01
1.9111769197499997e+14 9.9783681350841213e-01 1.6024374416962662e+01
1.9174225959583331e+14 9.9635168258509477e-01 1.8697955223080136e+01
1.9236682721666666e+14 9.9359129193194662e-01 2.1370725179776379e+01
1.9299139483749997e+14 9.8976352469495943e-01 2.4042755824870127e+01
1.9359660086208747e+14 9.8530104328098267e-01 2.6631346920052849e+01
1.9361596245833331e+14 9.8514274363228138e-01 2.6714160797875241e+01
1.9363532405457916e+14 9.8499190330698971e-01 2.6796987778476762e+01
1.9424053007916666e+14 9.7992402644467635e-01 2.9384740444595543e+01
1.9486509769999997e+14 9.7423071913738835e-01 3.2054491765526322e+01
1.9548966532083331e+14 9.6808363015654497e-01 3.4723221377390303e+01
1.9611423294166666e+14 9.6149258663258752e-01 3.7390753154806383e+01
1.9673880056250000e+14 9.5440138923797935e-01 4.0057216119097887e+01
1.9736336818333331e+14 9.4679088776526321e-01 4.2722511423747150e+01
1.9798793580416666e+14 9.3863404282162877e-01 4.5386598562355829e+01
1.9861250342500000e+14 9.2995453580191234e-01 4.8049715094735689e+01
1.9923707104583331e+14 9.2080685347311231e-01 5.0711761877861875e+01
1.9986163866666666e+14 9.1126642406747527e-01 5.3372934926881094e+01
("port 4","mode 1",1,"port 2",1,"transmission")
(23, 3)
1.8737028624999997e+14 7.0934350298188778e-04 3.0853227253183180e+00
1.8799485387083331e+14 7.3635493698440623e-04 1.8040554629708767e+00
1.8861942149166662e+14 2.0641792509139840e-04 -1.4757177607964617e-01
1.8924398911249997e+14 1.7359201502358882e-04 -1.9971500921125849e+00
1.8986855673333331e+14 3.4390356181339767e-04 -1.0645198836100085e+00
1.9049312435416662e+14 4.4432385707632392e-04 -2.4726943192331685e+00
1.9111769197499997e+14 7.1521399842143637e-04 -4.4857095230009314e+00
1.9174225959583331e+14 8.0034046743100284e-04 -5.9277519230525142e+00
1.9236682721666666e+14 7.4516129070758294e-04 -7.8694475906522383e+00
1.9299139483749997e+14 9.6919764278780571e-04 -9.3503401751242112e+00
1.9359660086208747e+14 7.0410278947561256e-04 -1.0965757870178464e+01
1.9361596245833331e+14 7.1644053413009979e-04 -1.0800990766274595e+01
1.9363532405457916e+14 7.3042216105270502e-04 -1.0639082965845430e+01
1.9424053007916666e+14 8.4176947140454780e-04 -1.2614358369398488e+01
1.9486509769999997e+14 9.7176640469652520e-04 -1.3898365981223987e+01
1.9548966532083331e+14 8.8626564988739315e-04 -1.5557858665981300e+01
1.9611423294166666e+14 1.1142260321436225e-03 -1.7157836132718423e+01
1.9673880056250000e+14 9.8519643575920718e-04 -1.8761972362452941e+01
1.9736336818333331e+14 1.1647626557404051e-03 -2.0483597145157077e+01
1.9798793580416666e+14 1.0309491882376819e-03 -2.1768048794534135e+01
1.9861250342500000e+14 8.3129462975665015e-04 -2.3683398261216318e+01
1.9923707104583331e+14 1.3345840681333529e-03 -2.5042400109018384e+01
1.9986163866666666e+14 1.0179209111676429e-03 -2.6249121513862775e+01
("port 4","mode 1",1,"port 3",1,"transmission")
(23, 3)
1.8737028624999997e+14 1.7844446292615793e-01 -1.6005567030796919e+00
1.8799485387083331e+14 1.4255178241675145e-01 1.0840675896962306e+00
1.8861942149166662e+14 1.0739861121129471e-01 3.7667051085742886e+00
1.8924398911249997e+14 7.2745018366217967e-02 6.4467938558273596e+00
1.8986855673333331e+14 3.8461694442154117e-02 9.1253110597997527e+00
1.9049312435416662e+14 4.6122406838858127e-03 1.1842485894600896e+01
1.9111769197499997e+14 2.8692885157365840e-02 1.1313591292518362e+01
1.9174225959583331e+14 6.1248697974001266e-02 1.3987361959196122e+01
1.9236682721666666e+14 9.2869249686842473e-02 1.6657218667152605e+01
1.9299139483749997e+14 1.2341717574149370e-01 1.9326259631272521e+01
1.9359660086208747e+14 1.5194419919249283e-01 2.1912830069387660e+01
1.9361596245833331e+14 1.5285027925239725e-01 2.1995568875417039e+01
1.9363532405457916e+14 1.5372825885187380e-01 2.2078316570296664e+01
1.9424053007916666e+14 1.8118823597428893e-01 2.4665232042118905e+01
1.9486509769999997e+14 2.0859400333174372e-01 2.7335271223188354e+01
1.9548966532083331e+14 2.3521788400250990e-01 3.0005191785611171e+01
1.9611423294166666e+14 2.6117959775859373e-01 3.2674309083167003e+01
1.9673880056250000e+14 2.8652215703331896e-01 3.5342325830785946e+01
1.9736336818333331e+14 3.1120029752736433e-01 3.8008959461471363e+01
1.9798793580416666e+14 3.3519516210296491e-01 4.0674017645534768e+01
1.9861250342500000e+14 3.5844817366310650e-01 4.3337756335577389e+01
1.9923707104583331e+14 3.8092165726238392e-01 4.6000104398643380e+01
1.9986163866666666e+14 4.0260014751627321e-01 4.8661366883253550e+01
("port 4","mode 1",1,"port 4",1,"transmission")
(23, 3)
1.8737028624999997e+14 3.6020297410440665e-03 -2.0011294301320390e+00
1.8799485387083331e+14 5.9256071363971363e-04 -1.2590070340971662e+00
1.8861942149166662e+14 2.4594809613737454e-03 -4.4651994449756961e-02
1.8924398911249997e+14 1.7667232368119435e-03 -1.0229306692175202e+00
1.8986855673333331e+14 1.8366111768564105e-03 -3.1341582019559100e+00
1.9049312435416662e+14 1.4208119964491252e-03 -4.7741211705320783e+00
1.9111769197499997e+14 2.8817722946891055e-03 -6.8133284692896989e+00
1.9174225959583331e+14 2.8044089175305741e-03 -7.4920055575738997e+00
1.9236682721666666e+14 1.3843480146069889e-03 -5.4865331107961746e+00
1.9299139483749997e+14 4.5542651085442214e-03 -5.5960683406802190e+00
1.9359660086208747e+14 3.1970142853286667e-03 -5.7686790955223710e+00
1.9361596245833331e+14 3.3824737844466968e-03 -5.7344375721806280e+00
1.9363532405457916e+14 3.5589302488163040e-03 -5.6955572962271575e+00
1.9424053007916666e+14 1.9949726499411515e-03 -4.3948402262727138e+00
1.9486509769999997e+14 3.8194343699149338e-03 -4.1294431592917782e+00
1.9548966532083331e+14 2.0409170245415885e-03 -4.3243195632096327e+00
1.9611423294166666e+14 1.5169778698712617e-03 -1.9747590930986698e+00
1.9673880056250000e+14 2.3107482145965402e-03 -2.0744743844291129e+00
1.9736336818333331e+14 1.1958336362476087e-03 -9.6323699928539286e-01
1.9798793580416666e+14 2.9390928836496564e-03 -2.5259020191005538e-01
1.9861250342500000e+14 3.5500527958340611e-03 -9.6159589703517748e-02
1.9923707104583331e+14 3.2479173822855447e-03 2.5852516410218424e-01
1.9986163866666666e+14 3.4861148660383359e-03 8.3705373201696742e-01
